4808051895   0.86   1.39   2.35   1.95   3.11   4.07   4.81   4.78   3.96   3.76   3.77   3.62   
4808051896   4.21   4.12   4.72   4.27   4.21   4.26   4.56   4.94   4.75  -0.30  -0.02  -0.52   
4808051897  -0.38  -0.52   0.48  -0.28  -0.90  -1.74  -1.99  -0.94  -1.75  -2.03   0.15   0.33   
4808051898   0.88  -0.40  -0.36  -1.02   1.11  -0.22  -0.22  -0.69  -1.18  -1.21   0.36   0.51   
4808051899   1.25   2.96   4.15   4.24   4.38   4.53   4.99   5.16   4.34   5.26   4.22   3.80   
4808051900   2.98   3.23   2.68   4.86  -0.77  -1.59  -1.37  -1.77  -1.47  -1.69  -1.99  -1.77   
4808051901  -2.15   0.55   0.73   0.93   1.06   1.55  -0.11  -0.37  -0.68  -0.61  -1.03   0.61   
4808051902   0.16   0.26   0.46  -0.16  -0.89  -0.75  -0.94  -1.58   0.61   0.33   0.15   1.30   
4808051903   1.62   2.07   1.99   1.87   1.49   1.18   1.98   2.34   2.81  -0.41  -0.50  -0.66   
4808051904  -0.90  -0.69  -0.79  -1.02   0.67   1.23   1.38  -0.16  -0.23  -0.56  -1.35  -1.40   
4808051905   0.57   0.51  -0.50   1.42   2.22   2.37   3.45   4.20   4.03   4.01   3.42   2.65   
4808051906   2.10   1.57   2.50   2.47   2.77   2.91   3.20   4.33   4.99   5.22   5.38   5.34   
4808051907   5.51   5.76   5.00   4.78   5.11   5.12   5.75   5.97   5.85   4.62   3.94   3.98   
4808051908   3.42   2.69   1.89   0.98   3.38   3.74   4.24   5.16   4.34   4.74   4.58   4.71   
4808051909   4.97   5.47   5.38   5.05   5.17   5.73   6.00   6.05   5.59   4.77   4.34   4.69   
4808051910  -0.08  -0.38  -1.52  -2.38  -2.38  -2.85  -3.53  -4.36  -3.97  -3.09  -3.42  -3.27   
4808051911  -3.00  -2.78  -3.74  -3.75  -4.35  -5.14  -5.86  -6.23  -6.15   0.84   0.74   0.84   
4808051912   1.12   2.03   2.68   3.13   2.60   2.29   3.53   4.75   6.30   6.76   6.11   5.73   
4808051913   5.21   5.36   4.94   3.90   3.10   2.56   2.78   2.36   2.40   2.62   1.94   3.19   
4808051914   2.71   2.44   1.84   2.70  -0.29  -0.87  -1.24  -1.60  -2.21  -1.69  -2.42  -2.51   
4808051915   0.01   0.67   1.11   1.56   2.18   2.74   3.38   4.75   6.86   6.80   6.10   6.47   
4808051916   6.28   6.03   5.38   4.70   4.26   3.17   2.62   2.42   1.65   2.35   2.27   2.18   
4808051917   2.04   1.91   1.94   2.35   3.88  -0.08  -0.07  -0.01  -0.43  -0.41  -1.13   0.18   
4808051918   0.57   0.90  -0.92   0.94   0.96   0.65   1.13   1.36   2.65  -0.38  -0.31   0.00   
4808051919  -0.53  -0.26  -0.51  -0.39  -1.50  -2.49  -2.95  -3.80   0.45   1.52   2.35   2.63   
4808051920   2.27   2.53   2.51   5.22   5.27   4.92   4.90   5.31   4.76   4.64   4.35   4.33   
4808051921   4.87   4.47   3.52   3.28   3.13   3.48   3.32   2.88   2.03   1.05   0.82   1.65   
4808051922   1.59   1.49   1.06   2.11   2.61   2.14   2.17   2.27   1.21   0.65   1.82   1.91   
4808051923   1.45   1.37   1.35   1.47   2.14   3.08   4.41   5.27   6.47   7.62   6.84   6.81   
4808051924   6.17   6.09   6.24   5.80   5.78   4.68   4.03   3.05   3.77   4.55   4.08   3.95   
4808051925  -0.29  -0.53  -1.06  -1.37  -1.58  -1.22  -1.21  -1.32  -1.65   1.80   1.72   2.97   
4808051926   3.13   3.11   2.98   2.68   2.90   3.39   4.76   5.73   5.51   5.58   5.23   4.90   
4808051927   4.41   4.42   5.19   6.00   5.44   5.95   6.88   8.32   8.02   8.23   7.21   6.42   
4808051928   5.74   5.52   4.95   4.01   3.73   4.48   5.28   4.92   3.96   4.03   4.34   3.75   
4808051929   3.28   2.90   3.54   4.25   4.47   4.17   4.50   4.39   5.48   5.22   5.38   4.48   
4808051930   4.23   4.04   3.65   2.72   3.43   2.56   2.18   5.19   5.10   5.87   5.36  -0.03   
4808051931  -0.39   0.14   0.36  -0.17  -0.24  -0.81  -1.13  -0.72  -1.24  -0.79  -0.65  -0.59   
4808051932  -0.57  -0.45  -0.24  -0.08  -0.47  -0.86  -1.44  -1.63  -2.24  -2.00  -2.19  -1.75   
4808051933  -2.07  -2.15  -2.29   1.22   1.64  -0.98  -1.56  -0.76  -0.85  -1.79  -1.98  -2.27   
4808051934  -2.39  -1.38  -1.81  -2.31  -4.02  -4.52  -5.26  -5.78  -4.94  -5.44  -5.32  -5.04   
4808051935  -5.06  -4.83  -4.92   0.35   2.57   2.47   2.28  -0.16  -0.03  -0.47  -0.60  -0.70   
4808051936  -0.62  -0.14  -0.07  -0.23  -1.66  -1.96  -2.92  -2.97  -2.83   0.30   0.48   0.69   
4808051937   0.75   0.73   1.06   1.10   0.71   0.71   1.74   1.60   0.93   0.93   1.25   1.55   
4808051938   1.54   1.13   0.75   1.18   1.44   1.08   1.19   1.11   2.35  -0.68  -0.41  -0.27   
4808051939  -0.23  -0.04  -0.33  -1.04  -1.93  -2.61  -3.85  -4.29  -4.29  -3.97  -4.40  -4.38   
4808051940  -3.54  -3.26  -3.61  -2.59  -3.59  -4.42  -4.89  -5.39  -4.40  -4.64  -4.16  -4.07   
4808051941  -3.86  -3.79  -3.55   1.53   0.53   1.59   1.85   2.84   2.85   3.06   2.66   2.80   
4808051942   2.55   2.32   1.95   3.23   3.72   3.87   4.48   4.28   4.20   5.48   5.82   5.29   
4808051943   4.99   4.58   4.75   4.20   4.53   4.42   4.40   3.70   2.88   2.52   1.88   1.46   
4808051944   1.76   1.53   2.02   2.41   1.80   1.75   2.13  -0.47  -0.99  -1.49   0.14   0.42   
4808051945   0.62   0.96   0.97   2.59   2.16   4.19   4.73   5.86   6.07   5.13   4.41   4.52   
4808051946   3.99   3.41   2.86   1.30   2.49   2.35   1.89   1.94   2.46   3.24   3.26   2.83   
4808051947   2.65   2.52   2.30   2.21   2.58   4.67   5.19   5.53   4.73   4.40   4.81   4.71   
4808051948   4.26   4.41   3.91   2.92   1.89   1.88   1.30   0.98   0.83   0.77   0.79   0.99   
4808051949   2.08   1.56   1.76   1.14   1.85   2.34   2.40   2.16   1.60   2.43  -0.78  -0.98   
4808051950  -0.87  -1.16  -1.11   0.18   0.52   0.15   0.68   0.22   1.63  -0.61  -0.58  -0.93   
4808051951  -0.66  -0.99  -1.24   0.42   0.38   0.99   1.44   1.62   1.79   2.63   2.23   2.35   
4808051952   1.84   2.37   2.75   1.77   2.40  -0.13  -0.42  -0.04  -0.72  -1.18   0.28  -0.18   
4808051953  -0.28   0.66  -0.74  -0.55  -0.81  -0.95  -0.81  -0.46  -1.36  -2.02  -2.07  -1.94   
4808051954  -2.11  -2.61  -1.80  -2.94  -3.53  -4.37  -4.99  -5.12  -5.11  -4.57  -4.76  -4.31   
4808051955  -3.77  -3.15  -2.76  -2.91  -2.84  -1.60  -2.02  -1.84  -1.83  -2.28  -1.49  -1.20   
4808051956  -1.00  -0.95  -1.11  -1.07  -1.22  -2.34  -2.47  -2.38  -3.14  -3.52   0.55   0.53   
4808051957  -0.05  -0.46   0.24   0.94   2.82   3.27   4.52   5.48   5.21   5.59   5.25   4.56   
4808051958   3.85   3.58   4.02   4.14   3.46   3.33   3.99   3.94   2.96   1.88   1.64   1.90   
4808051959   1.96   1.89   2.49   1.94   2.47   2.52   1.99   1.26   1.93   2.34  -0.36  -0.83   
4808051960  -0.84  -0.68  -1.08  -1.88  -2.53  -3.37  -4.46  -5.15  -5.28  -5.25   0.50   0.64   
4808051961  -0.51  -0.54   0.67   0.22   0.58   0.36   0.55   0.02   1.04   1.07  -0.01  -0.43   
4808051962   0.26   0.39  -0.25  -1.35   0.78   1.91   2.47  -0.08  -0.39  -0.17  -0.62  -0.83   
4808051963  -0.57  -0.75  -0.86  -0.83  -1.77  -1.51  -2.04  -1.67  -1.48  -2.04  -2.62  -2.70   
4808051964  -2.73  -2.46  -2.55  -1.49  -1.66  -1.57  -2.36  -2.95  -3.33  -3.68  -3.63  -3.23   
4808051965  -2.51  -2.27  -2.36  -3.16   0.89   2.10   2.58   2.37   3.78  -0.15  -1.01  -0.84   
4808051966  -1.04  -0.94  -1.76  -2.09  -3.62  -3.95  -4.60  -4.28  -3.69  -2.88  -2.97  -2.97   
4808051967  -2.76  -2.68  -2.94  -2.74   0.79   2.57   3.42   3.41   3.08   2.59   2.74   2.90   
4808051968   2.45   2.24   1.72   2.24   2.81   3.11   3.17   3.69  -0.33  -0.56  -0.52  -0.52   
4808051969  -0.63  -0.49  -0.67  -1.19  -2.09  -1.13  -1.64  -2.53  -3.22   1.47   1.50   1.15   
4808051970   1.24   0.88   1.80   2.11   1.50   2.83   3.11   2.37   1.99   2.51   2.48   2.18   
4808051971   2.04   2.18   2.23   3.54   5.44   4.77   4.36   3.64   4.16   4.23  -0.18  -0.54   
4808051972  -0.08  -0.42  -0.94  -0.76  -1.15  -1.40  -1.58   1.12   0.82   1.14   1.19   1.24   
4808051973   1.17   0.78   1.55   3.01   2.18   1.47   3.06   2.63   5.02   4.29   4.61   5.01   
4808051974   4.97   4.53   3.96   3.88  -1.03  -1.20  -1.51  -1.77  -1.76  -1.53  -1.69  -1.91   
4808051975  -1.70  -1.80  -1.44  -1.71  -1.35  -1.62  -2.03  -2.33  -2.53  -2.28  -2.35  -1.83   
4808051976  -1.63  -1.50  -1.80  -1.37  -1.13  -1.25  -1.32  -1.52  -1.68  -1.56  -1.79  -2.05   
4808051977  -2.15  -2.45  -2.35  -2.32  -2.57  -3.46  -2.97  -2.97  -3.63  -3.80  -3.38  -3.23   
4808051978  -2.71  -2.19  -2.53  -2.81   1.31   0.71   1.01   1.39  -0.64  -0.64   0.04   0.51   
4808051979   0.59  -0.31  -0.28  -1.03  -1.28  -1.43  -1.78   0.95  -0.85  -0.89   0.76   0.83   
4808051980   1.58   1.69   2.22   1.62   1.94  -1.10  -1.54  -1.21  -1.73  -1.43  -1.43  -1.85   
4808051981  -1.99  -2.24  -2.48  -3.39  -2.03  -2.83  -2.29  -2.02  -2.46  -2.11  -2.52  -2.45   
4808051982  -2.54  -2.79  -3.32  -3.82   0.36   0.92   0.94   0.81   2.11   2.38   2.25   2.57   
4808051983   1.94   1.37   2.74   3.55   4.20   5.13   6.16   7.08   5.88   5.17   6.15   5.75   
4808051984   5.31   5.14   5.22   6.30   5.15   4.52   5.45   5.44   4.86   4.85  -0.32  -0.29   
4808051985  -0.13  -0.31  -0.76  -1.36  -2.34  -2.89  -3.02  -3.58   0.90   0.92   1.41   1.55   
4808051986   1.17   1.33  -0.94  -0.64  -1.13   0.59  -0.46  -0.92   0.41   1.54   1.85   1.38   
4808051987   1.19   1.69   2.00  -0.93  -0.91  -1.04  -1.20  -0.76  -1.15  -1.58   0.23   0.79   
4808051988   0.72   0.68   1.08  -0.59  -0.69  -1.77  -2.22  -2.90  -2.72  -3.38  -3.15  -3.00   
4808051989  -3.22  -2.40  -2.85  -3.43  -3.73  -4.01  -4.97  -4.91   1.09  -0.11  -0.73  -0.77   
4808051990  -0.97   0.00   1.04  -0.12  -0.12  -1.07   1.01   1.69   1.34   1.25   1.40  -0.24   
4808051991  -0.32  -0.65  -1.09  -1.24   1.31   2.53   2.54   2.52  -0.05  -0.30   0.45  -0.39   
4808051992  -0.26  -0.47  -0.41  -1.77  -2.53  -2.50  -1.88  -1.42  -2.03  -2.34   0.38   0.69   
4808051993   0.59   1.36   1.08   1.57   0.95   2.48   2.58   3.19   3.63   4.02   4.42   4.02   
4808051994   3.89   3.73  -0.58  -0.77  -1.81  -2.83  -2.79  -2.95  -3.37   1.14   1.22   1.29   
4808051995   1.17   1.21   0.55   0.70   3.49   4.91   5.26   5.02   5.68   5.82   5.27   4.72   
4808051996   4.53   3.73   3.38   3.24   3.39   2.49   2.05   1.68   1.53   1.86   1.80   1.52   
4808051997   1.60   1.53   0.71   0.95   1.12   1.04   1.56   2.79   2.84   3.04   2.38   2.14   
4808051998   1.84   1.88   1.99   1.45   0.66   0.90   0.98   1.25   0.73   3.04   2.70   2.53   
4808051999   2.40   2.03   1.17   2.42   2.36   2.84   2.86   2.46   3.10  -0.54  -1.36  -1.48   
4808052000  -1.36  -0.92  -1.12  -0.94  -1.05  -1.81  -2.80  -3.48  -2.34  -2.51  -1.88  -1.53   
4808052001  -1.53  -1.39  -1.89  -1.75  -2.08  -3.23  -3.06  -3.64  -3.32  -2.84  -2.97  -3.22   
4808052002  -3.45  -3.50  -3.20  -4.07  -5.04  -6.48  -7.53  -7.00  -6.15  -5.10  -4.78  -4.76   
4808052003  -4.74  -4.35  -3.02  -2.63  -2.97  -2.09  -2.81  -2.99  -2.47  -2.89  -2.54  -2.24   
4808052004  -2.46  -2.17  -3.17  -3.83  -4.86  -4.91  -4.97  -5.28  -3.68  -3.16  -2.58  -2.73   
4808052005  -2.55  -2.70  -2.98  -3.04  -2.88  -2.37  -2.89  -2.45  -3.05  -2.25  -2.50  -2.51   
4808052006  -2.46  -2.15  -1.83  -2.80  -3.78  -5.30  -6.08  -5.54  -4.81  -4.44  -4.50  -3.53   
4808052007  -3.34  -3.31  -3.21  -3.29  -3.31  -4.37  -4.75  -4.70  -4.58  -3.56  -3.85  -2.96   
4808052008  -2.99  -2.91  -2.90  -3.17   1.04  -0.44  -1.03  -0.30  -0.10  -0.20  -0.69  -0.88   
4808052009  -0.35  -0.52  -0.67   0.95   0.18   1.20   1.84   1.96   1.47   2.84   2.20   2.33   
4808052010   1.80   1.82   1.91   2.61   3.10   4.05   4.76   4.70   3.41   3.16   3.08   3.24   
4808052011   2.98   2.99   2.37   2.53   3.69   3.64   3.98   3.62   2.54   2.94   2.82   2.57   
4808052012   2.31   2.64  -1.67  -2.90  -4.12  -5.37  -6.14  -7.20  -7.22  -6.34  -6.59  -6.28   
4808052013  -6.12  -5.45  -5.65  -4.79  -5.03  -6.08  -6.39  -6.25   1.62   3.22   2.64   2.56   
4808052014   2.56   3.00   3.08   2.59   2.48   2.08   2.55   3.30   3.63   2.64   2.59   2.90   
4808052015   2.47   2.62   1.36   1.80   3.60   3.59   4.00   3.67   2.49   2.46   2.56   2.64   
4808052016   2.56   2.61   3.13   4.00   3.98  -0.67  -1.19  -1.02  -1.18  -1.99  -2.38   0.42   
4808052017   0.72   1.27   0.74   0.89   1.17  -0.89  -1.47  -1.48  -1.22  -1.09  -1.56  -1.46   
4808052018  -1.39  -1.45  -1.51  -2.12  -1.51  -1.65  -1.66  -1.95  -2.69   0.08   0.49  -0.24   
4808052019  -0.23  -0.49   0.76   0.28   1.59   1.88   2.22   2.39   1.85   2.17   2.27   2.27   
4808052020  -0.15   0.22  -0.39  -0.72  -1.39  -2.26  -3.17  -4.30  -4.24  -3.95  -4.41  -4.10   